0.10    0.10    0.10	0.10	0.10	0.10	0.10	0.10	0.05	0.05	0.05	0.05
0.10    0.10	0.10	0.10	0.10	0.10	0.10	0.10	0.05	0.05	0.05	0.05
0.10    0.10	0.10	0.10	0.10	0.10	0.10	0.10	0.05	0.05	0.05	0.05
0.10    0.10	0.10	0.10	0.10	0.10	0.10	0.10	0.05	0.05	0.05	0.05
0.20    0.20	0.20	0.20	0.00	0.01	0.01	0.01	0.02	0.05	0.05	0.05
0.20    0.20	0.20	0.20	0.01	0.00	0.01	0.01	0.02	0.05	0.05	0.05
0.20    0.20	0.20	0.20	0.01	0.01	0.00	0.01	0.02	0.05	0.05	0.05
0.20    0.20	0.20	0.20	0.01	0.01	0.01	0.00	0.02	0.05	0.05	0.05
0.10    0.10	0.10	0.10	0.10	0.10	0.10	0.10	0.05	0.05	0.05	0.05
0.10	0.10	0.10	0.10	0.10	0.10	0.10	0.10	0.05	0.05	0.05	0.05
0.10	0.10	0.10	0.10	0.10	0.10	0.10	0.10	0.05	0.05	0.05	0.05
0.10	0.10	0.10	0.10	0.10	0.10	0.10	0.10	0.05	0.05	0.05	0.05